Plot	Site	SiteType	Time	NO3	NH4	Ca	Mg	K	P	Fe	Mn	Cu	Zn	B	S	Pb	Al	Cd
RA1	RA	R	August	21	1	1552	245	245	12.5	3.3	1	0.09	0.6	0.6	21.8	0.14	12.2	0
RA2	RA	R	August	20	1	1137	190	190	17.9	3.6	2.6	0.1	0.9	0	20.6	0	5.9	0.02
RA3	RA	R	August	5	1	1133	196	196	9.2	2.2	0.7	0.08	0.5	0	14.9	0.1	6	0.01
RA4	RA	R	August	9	1	1446	235	235	15.6	2.8	1.2	0.08	0.5	0.3	16.6	0.03	8.6	0.01
RA5	RA	R	August	3	1	1698	255	255	12.9	2.7	1.3	0.1	0.4	0.4	15.1	0.11	10.5	0.01
RB1	RB	R	August	4	1	1673	301	301	3.1	2.6	0.5	0.11	0.4	0	33.5	0.11	5.6	0.01
RB2	RB	R	August	7	0	2251	326	326	2.7	2.2	1.3	0.09	0.4	0	65.1	0.36	6.5	0.01
RB3	RB	R	August	131	1	2410	334	334	3.7	4.6	0.6	0.14	0.8	0.2	78.8	0.47	9.2	0.01
RB4	RB	R	August	3	0	1707	287	287	2.1	2.5	0.3	0.08	0.4	0.7	41.9	0.08	14.3	0.01
RB5	RB	R	August	2	0	1641	245	245	6	1.6	0.4	0.08	0.5	0.7	16	0.16	13.4	0.01
RC1	RC	R	August	16	0	2158	226	226	16.6	4.2	2	0.11	1.2	0.3	32.7	0.16	11.5	0.01
RC2	RC	R	August	22	0	1855	165	165	11.9	2.6	0.8	0.08	1	0	28.5	0.29	8.2	0.01
RC3	RC	R	August	32	1	1848	141	141	9.7	2.8	1.6	0.11	1.3	0	38.5	0.17	6	0.01
RC4	RC	R	August	57	1	2267	173	173	11.3	5.3	1.1	0.14	1.5	0.4	29.3	0.19	9.8	0.02
RC5	RC	R	August	23	1	2095	163	163	7.4	5.3	1.6	0.17	1.1	0	23.8	0.25	7	0.02
MA1	MA	M	August	2	1	1833	273	273	39.3	1.7	0.4	0.1	0.5	0.5	17	0.07	13.7	0.01
MA2	MA	M	August	5	1	1929	271	271	34.1	1.2	0.5	0.08	0.5	0	19.2	0.05	6.5	0.01
MA3	MA	M	August	2	1	2178	284	284	46.6	1.6	0.6	0.08	0.7	0.4	18.4	0.08	13.5	0.01
MA4	MA	M	August	2	1	1982	279	279	26.8	1.3	0.5	0.09	0.6	0.2	17.2	0	10	0.01
MA5	MA	M	August	2	1	1841	235	235	35.1	1.3	0.4	0.06	0.7	0	14.5	0.12	7.5	0.01
MB1	MB	M	August	15	1	991	204	204	18.1	1.8	0.4	0.09	0.4	1	16.8	0.1	14.3	0
MB2	MB	M	August	64	0	1133	192	192	27.5	1.3	0.4	0.09	0.5	0	18.5	0.15	5.2	0.01
MB3	MB	M	August	143	1	1168	228	228	32.1	1.8	0.9	0.11	1	0.8	28.2	0.15	14.6	0.01
MB4	MB	M	August	128	1	1647	265	265	37.2	2.4	0.7	0.14	0.8	0.3	42.1	0.41	9.8	0.01
MB5	MB	M	August	54	1	1105	197	197	24.3	1.6	0.7	0.09	0.8	0.8	15.1	0.07	12.4	0
MC1	MC	M	August	16	0	1191	197	197	18.6	2	0.8	0.11	1.4	0	12.2	0.16	9.2	0.01
MC2	MC	M	August	7	0	1845	294	294	18.3	1.5	0.5	0.08	0.6	0.3	17.2	0.16	10	0
MC3	MC	M	August	7	1	1089	211	489	15.5	1.4	0.3	0.02	0.4	1.7	17.8	0	16.4	0
MC4	MC	M	August	17	0	1179	189	493	20.6	1.2	0.3	0.04	0.4	0	15.5	0.01	5.6	0
MC5	MC	M	August	7	1	1407	201	423	22.2	1.3	0.2	0.05	0.5	0.1	18.8	0.04	5.5	0
HA1	HA	H	August	98	1	1919	232	359	17.5	1.2	0.2	0.04	0.8	0.7	33	0.07	11.3	0
HA2	HA	H	August	17	0	1063	155	508	20	1.8	0.2	0.04	0.7	0.3	15.5	0	12.2	0
HA3	HA	H	August	5	0	1168	146	639	43.5	1	0.1	0.03	1.1	0.4	12.1	0	10	0
HA4	HA	H	August	14	1	1393	214	492	40.2	1.2	0.1	0.05	0.7	0.1	21.4	0.1	5.7	0
HA5	HA	H	August	36	1	1730	243	316	21	1.5	0.1	0.05	0.9	0.9	25.3	0.1	14.6	0
HB1	HB	H	August	31	1	1500	249	641	26.3	1.5	0.5	0.04	0.7	0.4	23.3	0.03	11.8	0
HB2	HB	H	August	50	1	1704	222	382	9.4	1.7	0.9	0.04	1.1	0.1	23.2	0	8.5	0
HB3	HB	H	August	138	1	1912	208	334	8.2	2.4	0.9	0.04	2.1	0.5	28.2	0.22	13.3	0
HB4	HB	H	August	78	5	1592	169	671	19.7	1.2	0.7	0.05	1.5	0.5	33.1	0.05	8.2	0
HB5	HB	H	August	136	2	2170	200	363	7.8	2.4	1	0.04	1.6	0.6	35.5	0.23	14.3	0
HC1	HC	H	August	71	1	2250	187	189	3.5	1.7	1.1	0.06	0.7	0.5	26.1	0.02	11.2	0
HC2	HC	H	August	69	0	1589	150	213	6	1.5	1	0.03	0.7	0.4	23.7	0	8.5	0
HC3	HC	H	August	313	1	1999	185	343	9.3	2.6	6.1	0.1	1.1	0.3	61.4	0.33	7.3	0
HC4	HC	H	August	108	0	2608	200	232	9.3	1.8	1.2	0.04	0.6	1.9	23.2	0.03	16.5	0
HC5	HC	H	August	65	1	1854	201	313	18.7	1.4	2.7	0.05	0.9	0.7	28.1	0	11.7	0
RA1	RA	R	June	67	7	1336	191	151	3	4.9	2.5	0.09	0.8	0.1	13.7	0.2	7.9	0.1
RA2	RA	R	June	12	1	872	149	143	2.9	2.4	0.6	0.08	0.5	0.7	4.5	0	9.5	0
RA3	RA	R	June	11	2	1119	170	217	4.4	2.5	0.7	0.08	0.4	0.3	11.6	0	7.1	0
RA4	RA	R	June	9	1	1206	199	175	3.9	2.5	0.5	0.05	0.3	0.4	4.8	0.1	8.2	0
RA5	RA	R	June	5	2	1165	173	217	3.6	2.5	0.8	0.07	0.2	0.6	3.4	0	9.4	0
RB1	RB	R	June	2	1	913	168	65	1.4	3.1	0.7	0.08	0.2	0.9	4	0	10.2	0
RB2	RB	R	June	4	2	1379	207	40	1.9	2.8	0.4	0.11	0.2	0.8	10.5	0.2	8.7	0
RB3	RB	R	June	42	3	1492	207	134	4.4	3.2	0.7	0.08	0.5	0.2	6.6	0.1	7.4	0
RB4	RB	R	June	3	2	1706	248	35	2.8	6.3	0.4	0.13	0.6	0.6	7.7	0.4	8.6	0
RB5	RB	R	June	6	2	870	130	276	3.5	1.5	0.4	0.02	0.2	0.1	15.1	0	5.8	0
RC1	RC	R	June	3	1	1093	122	111	5.1	13.4	3.3	0.09	0.6	1.5	5.1	0.1	14.6	0
RC2	RC	R	June	20	1	1186	110	230	2.6	3.3	1.2	0.07	0.3	0.4	7.1	0.1	9.5	0
RC3	RC	R	June	35	3	751	72	171	3.6	2.2	0.8	0.06	0.4	0.2	5.3	0	8	0
RC4	RC	R	June	30	1	873	84	164	3.3	2.9	1.3	0.05	0.2	0.3	5.6	0	6.9	0
RC5	RC	R	June	4	2	943	80	28	2.2	2.9	1.1	0.06	0.2	0	4.9	0	7.1	0
MA1	MA	M	June	4	1	935	144	293	6.4	2.1	0.4	0.05	0.1	1.7	3.4	0	12.3	0
MA2	MA	M	June	6	1	664	92	203	5.3	1.8	0.4	0.03	0.1	1	4.2	0	9.7	0
MA3	MA	M	June	1	0	1197	146	292	11.1	1.4	0.4	0.05	0.2	0.3	4.3	0	7.4	0
MA4	MA	M	June	0	5	1284	177	317	4.4	1.9	0.6	0.05	0.7	0.4	9.9	0.2	7.9	0
MA5	MA	M	June	12	0	1311	146	248	7	2.1	0.4	0.1	0.6	0.3	4.1	0	7.2	0
MB1	MB	M	June	13	1	666	122	198	2.3	1.8	0.5	0.07	0.3	0.8	2.9	0	8.6	0
MB2	MB	M	June	13	17	741	145	143	3.7	1.7	0.5	0.11	0.2	0.5	4.4	0	8	0
MB3	MB	M	June	5	2	595	122	172	2.4	1.6	0.3	0.04	0.2	0.1	3.5	0	4.6	0
MB4	MB	M	June	19	1	757	142	175	2.3	1.6	0.3	0.07	0.2	1.2	3.5	0	11	0
MB5	MB	M	June	15	1	811	146	246	2.6	2.1	0.3	0.05	0.3	2.3	2.8	0	16.7	0
MC1	MC	M	June	1	1	272	39	83	0.6	2.1	0.3	0.06	0.2	1.4	1.5	0	11.4	0
MC2	MC	M	June	6	2	668	107	195	1.2	1.6	0.3	0.07	0.2	1.3	3.4	0	10.8	0
MC3	MC	M	June	2	1	517	77	158	3.1	2.1	0.5	0.07	0.3	1	3.8	0	8.9	0
MC4	MC	M	June	0	2	518	79	159	1.4	2.5	0.5	0.07	0.3	1.6	3.5	0	11.4	0
MC5	MC	M	June	9	0	523	71	137	3	1.8	0.5	0.04	0.1	1.5	2.3	0	12.1	0
HA1	HA	H	June	7	0	1000	120	194	1.6	1.2	0.2	0.05	0.3	0.2	2.7	0	6.6	0
HA2	HA	H	June	10	0	1053	110	297	10	2.3	0.9	0.07	0.6	2.4	5.6	0	17.6	0
HA3	HA	H	June	7	3	829	99	347	3.3	1.2	0.3	0.05	0.4	0.3	3.4	0	6.3	0
HA4	HA	H	June	0	2	802	114	212	4.6	2	0.6	0.06	0.4	0.1	3.9	0.1	4.6	0
HA5	HA	H	June	6	2	678	92	171	4.2	1.3	0.3	0.03	0.3	0.1	5	0	5.4	0
HB1	HB	H	June	18	1	810	117	245	2.5	1.1	0.2	0.03	0.2	0.1	2.8	0	6.6	0.1
HB2	HB	H	June	34	1	823	104	215	1.3	1.7	0.5	0.05	0.3	1.3	3.7	0	12	0
HB3	HB	H	June	26	0	993	101	157	1.4	1.8	0.6	0.03	0.2	1.5	3.3	0	12.3	0
HB4	HB	H	June	22	6	920	100	447	2.9	1.9	0.9	0.08	0.5	0.6	5.9	0	9.7	0
HB5	HB	H	June	18	1	805	87	234	3.3	1.4	0.4	0.05	0.3	0.1	4	0	5.4	0
HC1	HC	H	June	34	2	1455	116	190	1.5	2.2	3.4	0.04	0.2	0.5	5.6	0	8.6	0
HC2	HC	H	June	17	2	771	73	149	1.2	2.3	2	0.06	0.3	0.3	3.1	0	8.4	0
HC3	HC	H	June	31	1	1259	127	207	1.4	1.8	1.8	0.05	0.2	1.5	4.9	0	12	0
HC4	HC	H	June	68	3	1214	97	136	4.5	2.3	3.6	0.07	0.6	0.9	9.7	0	10	0
HC5	HC	H	June	89	1	1935	154	135	5.2	3.1	4.1	0.09	1.8	0.3	13	0.1	9.3	0
RA1	RA	R	October	3	1	838	142	198	11.4	1.8	0.8	0.1	0.4	0.4	6.6	0	5.3	0.1
RA2	RA	R	October	6	1	782	134	174	2.7	1.9	0.6	0.1	0.5	0.3	4	0.1	4.7	0.1
RA3	RA	R	October	2	1	414	72	141	3.2	2.1	0.7	0.1	0.3	0.2	3.2	0.2	5.3	0
RA4	RA	R	October	6	1	936	142	162	7.4	2.7	1.6	0.1	0.3	0.5	6.2	0.1	7.3	0
RA5	RA	R	October	7	0	1030	154	261	12.8	2.1	1.5	0.2	0.5	0.3	3.6	0	7.6	0
RB1	RB	R	October	16	1	1883	290	238	5.6	3.7	2.2	0.4	0.7	0.2	41.1	0	7	0
RB2	RB	R	October	18	1	1952	327	250	0.3	3.4	3.4	0.3	0.6	0.5	102	0.3	12.2	0.1
RB3	RB	R	October	12	0	2107	279	219	9.9	3	1.7	0.3	0.8	0.8	15.6	0.2	13	0
RB4	RB	R	October	9	1	1600	254	67	4.3	2.8	0.7	0.3	0.6	0.3	20.3	0.2	9.4	0.1
RB5	RB	R	October	14	1	1505	219	590	19	2	1.3	0.1	0.9	0.3	11.7	0.2	7.9	0
RC1	RC	R	October	10	0	1138	113	216	16.1	2.3	4.6	0.1	1.2	0.3	15.2	0.1	6.3	0.1
RC2	RC	R	October	59	11	1712	138	336	5.7	3.5	2.6	0.1	0.5	0.2	41.2	0.2	7.9	0
RC3	RC	R	October	3	1	1804	169	326	7.3	3.9	2.7	0.1	0.4	0.5	12	0.1	11.2	0
RC4	RC	R	October	7	0	1333	106	124	6.3	2.4	1.8	0.1	0.5	0.2	9.9	0	4.7	0
RC5	RC	R	October	7	1	2261	158	56	20	5.8	3.5	0.2	1.1	0.2	14.5	0.2	9.5	0
MA1	MA	M	October	3	2	1055	161	421	8.9	1.7	0.6	0.1	0.3	0.3	3.6	0.1	8.6	0
MA2	MA	M	October	3	1	1270	160	486	35.6	2.1	1.2	0.1	0.4	0.3	8.8	0.2	6.9	0.1
MA3	MA	M	October	16	0	1462	190	463	61.8	1.5	1.1	0.1	0.4	0.3	11.4	0.2	7.2	0
MA4	MA	M	October	6	2	1215	172	435	33.2	1.9	2.5	0	0.6	0.3	6.2	0.1	9.2	0
MA5	MA	M	October	12	1	1611	177	374	30.6	1.7	0.6	0.1	0.6	0.2	6.6	0	9.6	0
MB1	MB	M	October	14	1	1111	197	224	12.5	2.1	0.8	0.2	0.4	0.6	8.2	0	10.1	0
MB2	MB	M	October	6	1	1272	277	824	22.3	1.8	0.8	0.1	0.5	0.1	6.2	0.2	7.2	0
MB3	MB	M	October	20	1	1319	273	334	11.7	1.5	0.8	0.1	0.5	0.1	9.1	0.1	6.2	0
MB4	MB	M	October	17	1	1349	247	368	19	1.6	0.8	0.2	0.9	0	7.2	0	6.9	0
MB5	MB	M	October	60	2	1307	229	292	35.9	2.1	1.1	0.2	0.8	0.1	6.5	0.1	7.8	0
MC1	MC	M	October	6	0	761	125	499	6.8	1.6	1	0.1	0.5	0.5	9.4	0	9	0
MC2	MC	M	October	29	1	646	97	191	3.4	2.1	1.2	0.2	0.4	0.3	3.7	0.2	12.2	0
MC3	MC	M	October	2	1	807	132	334	5.8	1.2	1.3	0.1	0.3	0	5.2	0.1	5.8	0
MC4	MC	M	October	10	2	580	94	282	10.6	1.3	0.7	0.1	0.2	0.2	6.8	0.1	7	0
MC5	MC	M	October	1	1	912	113	243	12.5	1.6	0.8	0	0.3	0.2	3.8	0.1	7.2	0
HA1	HA	H	October	12	1	749	96	227	1.3	1.2	0.4	0.1	0.2	0.4	3.7	0.1	7.5	0
HA2	HA	H	October	2	1	380	51	174	0.8	0.9	0.3	0.1	0.1	0.2	3.3	0	4.8	0.1
HA3	HA	H	October	3	1	439	64	373	5	0.7	0.3	0.1	0.2	0.2	5.3	0.1	5.4	0.1
HA4	HA	H	October	3	1	728	101	381	10.4	1	0.5	0.1	0.2	0.1	5.9	0.1	5.3	0.1
HA5	HA	H	October	5	1	560	87	442	9.2	1.2	0.4	0.1	0.3	0.3	3.5	0.1	5.7	0
HB1	HB	H	October	17	0	533	82	222	4.4	1	0.5	0.1	0.2	0.2	5.7	0	5.9	0
HB2	HB	H	October	9	1	593	88	195	0.9	1.1	0.7	0.1	0.1	0	5.3	0	6.3	0
HB3	HB	H	October	22	1	564	72	275	4.3	1.3	1.1	0.1	0.3	0.2	7.1	0	7	0
HB4	HB	H	October	8	1	664	79	264	2.7	0.9	0.7	0.1	0.2	0.1	5.1	0	6.3	0
HB5	HB	H	October	20	0	626	68	282	1.5	0.9	0.6	0.1	0.2	0	5.9	0	5.9	0
HC1	HC	H	October	17	0	1116	122	389	1.4	1.9	1.5	0	0.2	0.7	5	0.1	12.2	0
HC2	HC	H	October	13	1	937	90	301	3.4	1.6	1.3	0	0.2	0.4	4.4	0	10	0
HC3	HC	H	October	36	1	1214	105	247	6.1	1.6	1.9	0	0.2	0	9	0.1	7.4	0.1
HC4	HC	H	October	81	2	1374	117	351	12.8	1.7	2.3	0	0.5	0.1	15.1	0	7.1	0.1
HC5	HC	H	October	71	1	1545	154	169	5.6	1.6	2.7	0	0.8	0.4	11.7	0	10.4	0
